Motif : intercept 
Enrg : -0.0
#
Type : 0
Motif :
0.0, 0.0, 0.0
Deco : 2 : 0 : 1
Enrg : -0.0 : -0.0 : 0.0
#
Type : 0
Motif :
0.0, 0.0, 0.0 : 1.8, 1.8, 0.0
-1.8, -1.8, 0.0 : 0.0, 0.0, 0.0
-1.8, 1.8, 0.0 : 0.0, 0.0, 0.0
0.0, 0.0, 0.0 : 1.8, -1.8, 0.0
0.0, 0.0, 0.0 : 0.0, 1.8, 1.8
0.0, -1.8, -1.8 : 0.0, 0.0, 0.0
0.0, -1.8, 1.8 : 0.0, 0.0, 0.0
0.0, 0.0, 0.0 : 0.0, 1.8, -1.8
0.0, 0.0, 0.0 : 1.8, 0.0, 1.8
-1.8, 0.0, -1.8 : 0.0, 0.0, 0.0
0.0, 0.0, 0.0 : 1.8, 0.0, -1.8
-1.8, 0.0, 1.8 : 0.0, 0.0, 0.0
Deco : 2, 2 : 0, 2 : 2, 0 : 1, 2 : 2, 1 : 0, 0 : 0, 1 : 1, 0 : 1, 1
Enrg : -0.01 : 0.01 : 0.01 : -0.01 : -0.01 : 0.01 : -0.01 : -0.01 : -0.01
#
Type : 0
Motif :
0.0, 0.0, 0.0 : 3.6, 3.6, 0.0
-3.6, -3.6, 0.0 : 0.0, 0.0, 0.0
-3.6, 3.6, 0.0 : 0.0, 0.0, 0.0
0.0, 0.0, 0.0 : 3.6, -3.6, 0.0
0.0, 0.0, 0.0 : 0.0, 3.6, 3.6
0.0, -3.6, -3.6 : 0.0, 0.0, 0.0
0.0, -3.6, 3.6 : 0.0, 0.0, 0.0
0.0, 0.0, 0.0 : 0.0, 3.6, -3.6
0.0, 0.0, 0.0 : 3.6, 0.0, 3.6
-3.6, 0.0, -3.6 : 0.0, 0.0, 0.0
0.0, 0.0, 0.0 : 3.6, 0.0, -3.6
-3.6, 0.0, 3.6 : 0.0, 0.0, 0.0
Deco : 2, 2 : 0, 2 : 2, 0 : 1, 2 : 2, 1 : 0, 0 : 0, 1 : 1, 0 : 1, 1
Enrg : 0.01 : 0.01 : 0.01 : 0.01 : 0.01 : -0.01 : -0.01 : -0.01 : -0.01
#
Type : 1
Motif :
0.0, 0.0, 0.0 : 3.6, 3.6, 0.0
-3.6, -3.6, 0.0 : 0.0, 0.0, 0.0
-3.6, 3.6, 0.0 : 0.0, 0.0, 0.0
0.0, 0.0, 0.0 : 3.6, -3.6, 0.0
0.0, 0.0, 0.0 : 0.0, 3.6, 3.6
0.0, -3.6, -3.6 : 0.0, 0.0, 0.0
0.0, -3.6, 3.6 : 0.0, 0.0, 0.0
0.0, 0.0, 0.0 : 0.0, 3.6, -3.6
0.0, 0.0, 0.0 : 3.6, 0.0, 3.6
-3.6, 0.0, -3.6 : 0.0, 0.0, 0.0
0.0, 0.0, 0.0 : 3.6, 0.0, -3.6
-3.6, 0.0, 3.6 : 0.0, 0.0, 0.0
Deco : 2, 2 : 0, 2 : 2, 0 : 1, 2 : 2, 1 : 0, 0 : 0, 1 : 1, 0 : 1, 1
Enrg : 0.001 : 0.001 : 0.001 : 0.001 : 0.001 : -0.001 : -0.001 : -0.001 : -0.001
#
