[[Rot:
[[ 1.00000000e+00 -3.45402719e-17  3.45402719e-17]
 [-3.45402719e-17  1.00000000e+00  3.45402719e-17]
 [-3.45402719e-17  3.45402719e-17  1.00000000e+00]]
tau
[0. 0. 0.], Rot:
[[-1.00000000e+00  3.45402719e-17 -3.45402719e-17]
 [ 3.45402719e-17 -1.00000000e+00 -3.45402719e-17]
 [ 3.45402719e-17 -3.45402719e-17 -1.00000000e+00]]
tau
[0. 0. 0.], Rot:
[[-3.45402719e-17 -1.00000000e+00  3.45402719e-17]
 [ 1.00000000e+00  3.45402719e-17  3.45402719e-17]
 [ 3.45402719e-17  3.45402719e-17  1.00000000e+00]]
tau
[0. 0. 0.], Rot:
[[ 3.45402719e-17  1.00000000e+00 -3.45402719e-17]
 [-1.00000000e+00 -3.45402719e-17 -3.45402719e-17]
 [-3.45402719e-17 -3.45402719e-17 -1.00000000e+00]]
tau
[0. 0. 0.], Rot:
[[-1.00000000e+00  3.45402719e-17  3.45402719e-17]
 [ 3.45402719e-17 -1.00000000e+00  3.45402719e-17]
 [ 3.45402719e-17 -3.45402719e-17  1.00000000e+00]]
tau
[0. 0. 0.], Rot:
[[ 1.00000000e+00 -3.45402719e-17 -3.45402719e-17]
 [-3.45402719e-17  1.00000000e+00 -3.45402719e-17]
 [-3.45402719e-17  3.45402719e-17 -1.00000000e+00]]
tau
[0. 0. 0.], Rot:
[[ 3.45402719e-17  1.00000000e+00  3.45402719e-17]
 [-1.00000000e+00 -3.45402719e-17  3.45402719e-17]
 [-3.45402719e-17 -3.45402719e-17  1.00000000e+00]]
tau
[0. 0. 0.], Rot:
[[-3.45402719e-17 -1.00000000e+00 -3.45402719e-17]
 [ 1.00000000e+00  3.45402719e-17 -3.45402719e-17]
 [ 3.45402719e-17  3.45402719e-17 -1.00000000e+00]]
tau
[0. 0. 0.], Rot:
[[ 1.00000000e+00  3.45402719e-17 -3.45402719e-17]
 [-3.45402719e-17 -1.00000000e+00 -3.45402719e-17]
 [-3.45402719e-17 -3.45402719e-17 -1.00000000e+00]]
tau
[0. 0. 0.], Rot:
[[-1.00000000e+00 -3.45402719e-17  3.45402719e-17]
 [ 3.45402719e-17  1.00000000e+00  3.45402719e-17]
 [ 3.45402719e-17  3.45402719e-17  1.00000000e+00]]
tau
[0. 0. 0.], Rot:
[[ 3.45402719e-17 -1.00000000e+00 -3.45402719e-17]
 [-1.00000000e+00  3.45402719e-17 -3.45402719e-17]
 [-3.45402719e-17  3.45402719e-17 -1.00000000e+00]]
tau
[0. 0. 0.], Rot:
[[-3.45402719e-17  1.00000000e+00  3.45402719e-17]
 [ 1.00000000e+00 -3.45402719e-17  3.45402719e-17]
 [ 3.45402719e-17 -3.45402719e-17  1.00000000e+00]]
tau
[0. 0. 0.], Rot:
[[-1.00000000e+00 -3.45402719e-17 -3.45402719e-17]
 [ 3.45402719e-17  1.00000000e+00 -3.45402719e-17]
 [ 3.45402719e-17  3.45402719e-17 -1.00000000e+00]]
tau
[0. 0. 0.], Rot:
[[ 1.00000000e+00  3.45402719e-17  3.45402719e-17]
 [-3.45402719e-17 -1.00000000e+00  3.45402719e-17]
 [-3.45402719e-17 -3.45402719e-17  1.00000000e+00]]
tau
[0. 0. 0.], Rot:
[[-3.45402719e-17  1.00000000e+00 -3.45402719e-17]
 [ 1.00000000e+00 -3.45402719e-17 -3.45402719e-17]
 [ 3.45402719e-17 -3.45402719e-17 -1.00000000e+00]]
tau
[0. 0. 0.], Rot:
[[ 3.45402719e-17 -1.00000000e+00  3.45402719e-17]
 [-1.00000000e+00  3.45402719e-17  3.45402719e-17]
 [-3.45402719e-17  3.45402719e-17  1.00000000e+00]]
tau
[0. 0. 0.], Rot:
[[-3.45402719e-17  3.45402719e-17  1.00000000e+00]
 [ 1.00000000e+00  3.45402719e-17 -3.45402719e-17]
 [ 3.45402719e-17  1.00000000e+00 -3.45402719e-17]]
tau
[0. 0. 0.], Rot:
[[ 3.45402719e-17 -3.45402719e-17 -1.00000000e+00]
 [-1.00000000e+00 -3.45402719e-17  3.45402719e-17]
 [-3.45402719e-17 -1.00000000e+00  3.45402719e-17]]
tau
[0. 0. 0.], Rot:
[[ 3.45402719e-17  3.45402719e-17  1.00000000e+00]
 [ 3.45402719e-17 -1.00000000e+00 -3.45402719e-17]
 [ 1.00000000e+00 -3.45402719e-17 -3.45402719e-17]]
tau
[0. 0. 0.], Rot:
[[-3.45402719e-17 -3.45402719e-17 -1.00000000e+00]
 [-3.45402719e-17  1.00000000e+00  3.45402719e-17]
 [-1.00000000e+00  3.45402719e-17  3.45402719e-17]]
tau
[0. 0. 0.], Rot:
[[ 3.45402719e-17 -3.45402719e-17  1.00000000e+00]
 [-1.00000000e+00 -3.45402719e-17 -3.45402719e-17]
 [-3.45402719e-17 -1.00000000e+00 -3.45402719e-17]]
tau
[0. 0. 0.], Rot:
[[-3.45402719e-17  3.45402719e-17 -1.00000000e+00]
 [ 1.00000000e+00  3.45402719e-17  3.45402719e-17]
 [ 3.45402719e-17  1.00000000e+00  3.45402719e-17]]
tau
[0. 0. 0.], Rot:
[[-3.45402719e-17 -3.45402719e-17  1.00000000e+00]
 [-3.45402719e-17  1.00000000e+00 -3.45402719e-17]
 [-1.00000000e+00  3.45402719e-17 -3.45402719e-17]]
tau
[0. 0. 0.], Rot:
[[ 3.45402719e-17  3.45402719e-17 -1.00000000e+00]
 [ 3.45402719e-17 -1.00000000e+00  3.45402719e-17]
 [ 1.00000000e+00 -3.45402719e-17  3.45402719e-17]]
tau
[0. 0. 0.], Rot:
[[-3.45402719e-17 -3.45402719e-17 -1.00000000e+00]
 [ 1.00000000e+00 -3.45402719e-17  3.45402719e-17]
 [ 3.45402719e-17 -1.00000000e+00  3.45402719e-17]]
tau
[0. 0. 0.], Rot:
[[ 3.45402719e-17  3.45402719e-17  1.00000000e+00]
 [-1.00000000e+00  3.45402719e-17 -3.45402719e-17]
 [-3.45402719e-17  1.00000000e+00 -3.45402719e-17]]
tau
[0. 0. 0.], Rot:
[[-3.45402719e-17  3.45402719e-17 -1.00000000e+00]
 [-3.45402719e-17 -1.00000000e+00  3.45402719e-17]
 [-1.00000000e+00 -3.45402719e-17  3.45402719e-17]]
tau
[0. 0. 0.], Rot:
[[ 3.45402719e-17 -3.45402719e-17  1.00000000e+00]
 [ 3.45402719e-17  1.00000000e+00 -3.45402719e-17]
 [ 1.00000000e+00  3.45402719e-17 -3.45402719e-17]]
tau
[0. 0. 0.], Rot:
[[ 3.45402719e-17  3.45402719e-17 -1.00000000e+00]
 [-1.00000000e+00  3.45402719e-17  3.45402719e-17]
 [-3.45402719e-17  1.00000000e+00  3.45402719e-17]]
tau
[0. 0. 0.], Rot:
[[-3.45402719e-17 -3.45402719e-17  1.00000000e+00]
 [ 1.00000000e+00 -3.45402719e-17 -3.45402719e-17]
 [ 3.45402719e-17 -1.00000000e+00 -3.45402719e-17]]
tau
[0. 0. 0.], Rot:
[[ 3.45402719e-17 -3.45402719e-17 -1.00000000e+00]
 [ 3.45402719e-17  1.00000000e+00  3.45402719e-17]
 [ 1.00000000e+00  3.45402719e-17  3.45402719e-17]]
tau
[0. 0. 0.], Rot:
[[-3.45402719e-17  3.45402719e-17  1.00000000e+00]
 [-3.45402719e-17 -1.00000000e+00 -3.45402719e-17]
 [-1.00000000e+00 -3.45402719e-17 -3.45402719e-17]]
tau
[0. 0. 0.], Rot:
[[ 3.45402719e-17  1.00000000e+00 -3.45402719e-17]
 [ 3.45402719e-17 -3.45402719e-17  1.00000000e+00]
 [ 1.00000000e+00 -3.45402719e-17  3.45402719e-17]]
tau
[0. 0. 0.], Rot:
[[-3.45402719e-17 -1.00000000e+00  3.45402719e-17]
 [-3.45402719e-17  3.45402719e-17 -1.00000000e+00]
 [-1.00000000e+00  3.45402719e-17 -3.45402719e-17]]
tau
[0. 0. 0.], Rot:
[[ 1.00000000e+00 -3.45402719e-17 -3.45402719e-17]
 [-3.45402719e-17 -3.45402719e-17  1.00000000e+00]
 [-3.45402719e-17 -1.00000000e+00  3.45402719e-17]]
tau
[0. 0. 0.], Rot:
[[-1.00000000e+00  3.45402719e-17  3.45402719e-17]
 [ 3.45402719e-17  3.45402719e-17 -1.00000000e+00]
 [ 3.45402719e-17  1.00000000e+00 -3.45402719e-17]]
tau
[0. 0. 0.], Rot:
[[-3.45402719e-17 -1.00000000e+00 -3.45402719e-17]
 [-3.45402719e-17  3.45402719e-17  1.00000000e+00]
 [-1.00000000e+00  3.45402719e-17  3.45402719e-17]]
tau
[0. 0. 0.], Rot:
[[ 3.45402719e-17  1.00000000e+00  3.45402719e-17]
 [ 3.45402719e-17 -3.45402719e-17 -1.00000000e+00]
 [ 1.00000000e+00 -3.45402719e-17 -3.45402719e-17]]
tau
[0. 0. 0.], Rot:
[[-1.00000000e+00  3.45402719e-17 -3.45402719e-17]
 [ 3.45402719e-17  3.45402719e-17  1.00000000e+00]
 [ 3.45402719e-17  1.00000000e+00  3.45402719e-17]]
tau
[0. 0. 0.], Rot:
[[ 1.00000000e+00 -3.45402719e-17  3.45402719e-17]
 [-3.45402719e-17 -3.45402719e-17 -1.00000000e+00]
 [-3.45402719e-17 -1.00000000e+00 -3.45402719e-17]]
tau
[0. 0. 0.], Rot:
[[ 3.45402719e-17 -1.00000000e+00  3.45402719e-17]
 [ 3.45402719e-17  3.45402719e-17 -1.00000000e+00]
 [ 1.00000000e+00  3.45402719e-17 -3.45402719e-17]]
tau
[0. 0. 0.], Rot:
[[-3.45402719e-17  1.00000000e+00 -3.45402719e-17]
 [-3.45402719e-17 -3.45402719e-17  1.00000000e+00]
 [-1.00000000e+00 -3.45402719e-17  3.45402719e-17]]
tau
[0. 0. 0.], Rot:
[[-1.00000000e+00 -3.45402719e-17  3.45402719e-17]
 [ 3.45402719e-17 -3.45402719e-17 -1.00000000e+00]
 [ 3.45402719e-17 -1.00000000e+00 -3.45402719e-17]]
tau
[0. 0. 0.], Rot:
[[ 1.00000000e+00  3.45402719e-17 -3.45402719e-17]
 [-3.45402719e-17  3.45402719e-17  1.00000000e+00]
 [-3.45402719e-17  1.00000000e+00  3.45402719e-17]]
tau
[0. 0. 0.], Rot:
[[-3.45402719e-17  1.00000000e+00  3.45402719e-17]
 [-3.45402719e-17 -3.45402719e-17 -1.00000000e+00]
 [-1.00000000e+00 -3.45402719e-17 -3.45402719e-17]]
tau
[0. 0. 0.], Rot:
[[ 3.45402719e-17 -1.00000000e+00 -3.45402719e-17]
 [ 3.45402719e-17  3.45402719e-17  1.00000000e+00]
 [ 1.00000000e+00  3.45402719e-17  3.45402719e-17]]
tau
[0. 0. 0.], Rot:
[[ 1.00000000e+00  3.45402719e-17  3.45402719e-17]
 [-3.45402719e-17  3.45402719e-17 -1.00000000e+00]
 [-3.45402719e-17  1.00000000e+00 -3.45402719e-17]]
tau
[0. 0. 0.], Rot:
[[-1.00000000e+00 -3.45402719e-17 -3.45402719e-17]
 [ 3.45402719e-17 -3.45402719e-17  1.00000000e+00]
 [ 3.45402719e-17 -1.00000000e+00  3.45402719e-17]]
tau
[0. 0. 0.]]]